20
1000000000 100000
999999999 1 999999999 1000000000
1000000000 100000
1 1 1 1000000000
218492221 46085
3 7 1 999969453
46 18
7 11 9 46
840698758 13331
8 7 10 999955808
98 59
6 30 524 98
73 26
5 8 4 54214
1000000000 1
12 7 74 12
112 73
1 5 3 64100
977365070 59489
8 5 9 999966210
497151700 96511
9 7 6 999919625
78 51
3 5 5 51230
137 49
48 17 461 137
131 74
1 9 10 78736
640834505 28785
3 9 1 999946125
110 53
7 7 1 64417
198 81
8 5 7 83495
45068754 29153
2 9 5 999904402
22 21
1 4 869 22
177 73
7 7 5 56401
